3.153256606199734274e-02
2.819882431871346268e-02
2.657068104516448551e-02
2.563516674424699132e-02
2.500176203431606070e-02
2.452819214390945454e-02
2.414295601580912845e-02
2.384882899433640388e-02
2.354733683861836430e-02
2.331209834803649877e-02
2.311083997621955072e-02
2.293906064781670723e-02
2.275535739803065741e-02
2.261767462478019367e-02
2.246527218764337447e-02
2.235678860008539354e-02
2.223398106261378210e-02
2.208996023788737870e-02
2.203878360922403856e-02
2.195758478594056831e-02
2.183064050512344145e-02
2.177982962540616838e-02
2.168705081594886341e-02
2.159903901213380828e-02
2.151268715970218112e-02
2.146394988300190029e-02
2.140637592473510972e-02
2.134694733900860744e-02
2.128622233451876386e-02
